SVM, k=3, chr1:
    ROC     F1
0.7199  0.7326
0.7069  0.7337
0.7278  0.7650
0.7235  0.7445
0.7310  0.7522
0.7100  0.7461
0.7119  0.7472
0.7028  0.7356
0.7299  0.7585

SVM, k=7, chr1:
Testing SVM...
   ROC     F1
0.7017  0.7312
0.7209  0.7417
0.7216  0.6838
0.7255  0.6846
0.5835  0.6903
0.6994  0.7284
0.5843  0.6894
0.7358  0.7477
0.5572  0.6667
0.7375  0.7438

SVM linear, 1/10 subset, k=5
0.7252  0.7333
0.7345  0.7346

RF, n=100, k=7:
0.8483  0.8502
0.7933  0.7963
0.8043  0.8127
0.8305  0.8232
0.8166  0.8141
0.8288  0.8301
0.8316  0.8323
0.7965  0.7877
0.8094  0.8075
0.7995  0.7981
145.06s

RF, n=150, k=7:
0.8118  0.8177
0.8258  0.8230
0.8296  0.8336
0.8135  0.8139
0.8064  0.8089
0.8146  0.8104
0.8312  0.8331
0.8017  0.8061
0.8167  0.8124
0.8108  0.8063
Mean scores:
0.8162  0.8165
197.16s